0.721713121319784
0.556244097107288
0.831214757906123
0.908400751309222
0.885472586212134
0.88942141916305
0.265323550395316
0.844759160718787
0.44241239193329
0.476661066905277
0.810262427080575
0.374179825661713
0.451760662116184
0.855250348895938
0.998543114882687
0.888807610235439
0.316382730649791
0.266278660120457
0.206795977806494
0.709568264594585
0.633291901565366
0.629082060587505
0.094468934767661
0.263477077135086
0.346035753215407
0.420610645092122
0.00120818215452167
0.351461540918796
0.191607736722547
0.554633911150023
0.255368812384112
0.115827917171284
0.600496718749584
0.276409009044146
0.401806184325271
0.881874955624211
0.294579863967322
0.712222060331581
0.0478615002514029
0.301669248891817
0.747171067450784
0.11440004734786
0.261573630053116
0.196429153499245
0.664997437008431
0.707536943740492
0.943099756800332
0.524874339255194
0.552970428220488
0.184546207206128
0.716271176088245
0.856427365824655
0.655224552519799
0.771927376905691
0.937397340099418
0.679393959231441
0.891257873721751
0.648531959757235
0.745670131959195
0.0689858756241027
0.133329412246059
0.43020710843266
0.328905193271037
0.963638471280375
0.1487975183378
0.426165658774999
0.00309443404025929
0.0588666469031368
0.934795871477634
0.248758958254125
0.954950997905282
0.094247236025336
0.0506798362605613
0.502913546741673
0.454922528114622
0.963135813647261
0.176877166201227
0.330715533720569
0.873405888830457
0.367893225557314
0.429436408926948
0.0137335897239059
0.957896894347056
0.337932615340263
0.868032284015146
0.353949563466006
0.432328989403853
0.224649574241793
0.202105454464111
0.0326822788478761
0.529771160561705
0.951912688566261
0.342608858458389
0.587798531195331
0.263401841725991
0.27997994814232
0.571384894042954
0.280250401994167
0.227771529962189
0.754847107591369
0.967479280760387
0.812248317668644
0.565602792491871
0.475143603132409
0.364689632374446
0.377511106592578
0.0998888811848316
0.242241021393416
0.10676297910666
0.447055885460162
0.00137910575503604
0.933855608070812
0.153295935326075
0.0629508111624818
0.0120840279575894
0.742356916228759
0.358562821017823
0.246935421683807
0.0322302578497769
0.21342973873005
0.443090204250553
0.571035750707859
0.503757792484309
0.440084650804015
0.611525920341846
0.716663631405649
0.00732589858102368
0.0605314346216282
0.912127762318243
0.423302537811847
0.589486059436566
0.0067439585204011
0.440875819850579
0.618712533741492
0.419009882281094
0.894204125183182
0.800136902607126
0.291130024591401
0.403465479271352
0.986567304789056
0.360836478588156
0.598396724884911
0.568058381953187
0.828785149712111
0.742458205562783
0.873927366223607
0.183895729019781
0.335615604560972
0.373064910662313
0.401343588161286
0.316074327747345
0.821030691108073
0.397891444960116
0.598175355269024
0.921726627265139
0.584224108225965
0.237175589536004
0.820529639263721
0.311173930254667
0.946630101813506
0.473901096114807
0.457986523061214
0.00614457915987943
0.627702165101899
0.00999829517760573
0.222347308704245
0.24435716009735
0.240962803005967
0.148978755874784
0.675075260854215
0.195729565047302
0.298708726966253
0.238104760328399
0.335428131454936
0.997974407368061
0.672621047837304
0.601566374037147
0.764958345490066
0.530529798410455
0.405319766221711
0.219525878622418
0.916230083332881
0.330595374460725
0.0315364865755531
0.0447521698530048
0.092984945153936
0.730566599922733
0.630995000461882
0.782423892206704
0.989305207292977
0.821647641417744
0.355845556699553
0.867638815750073
0.135542110833808
0.853244273580322
0.332716722995952
0.0779971246532689
0.30070147750586
0.657967754798115
0.247216979606593
0.452227704078041
0.516326209065643
0.641964807832072
0.605282222288356
0.954758153696152
0.584949480028362
0.911430404890721
0.703656825348292
0.194751920007258
0.740799218043881
0.367098487035697
0.428669445191647
0.0680224797906043
0.77831994616289
0.867658862242426
0.870352894478305
0.367501365094947
0.19188433875973
0.706232302311144
0.421168966872824
0.435126873967473
0.253169234629832
0.00887624171226433
0.0730388613346536
0.00588585974499207
0.0537819319784645
0.342382588549236
0.375650483225059
0.525395001071032
0.560230816705485
0.535578183119335
0.0427536606139556
0.854145446149341
0.814260946943984
0.140200945656394
0.60082063809806
0.433120191097722
0.524836551914238
0.730938359500165
0.24914626944001
0.0745963829850343
0.26929730264341
0.26191003171702
0.665364143890245
0.136778699386422
0.845511230282327
0.668417601041804
0.506822773317833
0.612680644991608
0.762983900256962
0.226623038962367
0.760703531926802
0.866042789442544
0.158840759538295
0.681968634616825
0.450624431094544
0.516180984811163
0.0526921271362635
0.604681447532888
0.0368455422633821
0.0662562003858076
0.0608713214392982
0.0708194367452745
0.196443879150135
0.449789892610117
0.540842507823598
0.536159734630773
0.280765794237549
0.633293142199556
0.979526484197317
0.69063034532955
0.0943757743382063
0.446065818889788
0.425824075509222
0.782223692934035
0.956942017632045
0.104078754369169
0.360162950339293
0.666637984241706
0.267841108717476
0.27257999224363
0.781319277813368
0.741103749062082
0.999512955177758
0.878254725161571
0.225919007571293
0.817714156317269
0.14747277652078
0.808840400475444
0.959163209700472
0.221243441647466
0.0868310795135644
0.507441063292971
0.155940050824245
0.45373695946252
0.881996778735453
0.862847420349324
0.0297557734879184
0.11347865526838
0.24907319127806
0.162580347757452
0.00501608723959169
0.0134490128449978
0.628147390116941
0.152160676565263
0.0768367916211652
0.0129473980983425
0.606778695079074
0.292388002770312
0.875684086544869
0.421797566666025
0.491827715089124
0.45620888247595
0.322405443062097
0.549201118800484
0.792752118008944
0.188982964388355
0.467198972921235
0.839991489350126
0.731044406562667
0.091261382606745
0.587233334927135
0.475914880646579
0.542074994542876
0.348564034098662
0.829430976343863
0.940018787609499
0.393619788849327
0.355089750287627
0.809155274370581
0.415105921894936
0.24099087561653
0.172422246249923
0.0558711346652207
0.911805635469775
0.433993928918926
0.959477126557852
0.422990769718326
0.00271118552481875
0.0467851582545128
0.197517907099459
0.469042831320661
0.405838397149657
0.788584921204603
0.194232181877325
0.476883002093199
0.951168911204448
0.0298543471008339
0.152045975624966
0.53424945886404
0.600030312605012
0.618746828933539
0.923411664487539
0.42054120744228
0.407155713055416
0.394597282783374
0.0510935629263038
0.655172342207001
0.391484966624458
0.0973369415472845
0.0954690697283123
0.0985680511215158
0.677986584980821
0.355968319975079
0.873664136135143
0.161703064381814
0.100201503698009
0.0663395212619877
0.647197309390085
0.00825284422071084
0.969355836911357
0.757320742324023
0.821784185615999
0.850515423620974
0.593521249973979
0.942018247114885
0.0272285841767721
0.650126565217156
0.0353371641912224
0.00656606806153448
0.0385864838095755
0.323238263478054
0.797763404760767
0.826193135082645
0.610574946859357
0.245411742001611
0.895229553351186
0.922676915980697
0.997729512298525
0.713302971545583
0.673548426974664
0.255156625222346
0.409452599392118
0.0930996212281053
0.969279958823346
0.568894213293421
0.266379177152456
0.837398440271749
0.374585617638799
0.21670611064495
0.177079043354506
0.910504813813484
0.417200143755675
0.212959827501741
0.338714101236836
0.331656028501957
0.0426035267506475
0.749311721010259
0.194679662538787
0.498134498754688
0.741925134667645
0.579977898887448
0.266548524633658
0.607616432194381
0.664621322210197
0.54583707590386
0.537844609758336
0.741463745088037
0.719684885918873
0.137651988547973
0.0182404102088547
0.645589984210351
0.515966311719833
0.231276340219138
0.768910244546121
0.162044832461285
0.854628250526427
0.707723875637969
0.259723931042123
0.159574151381491
0.29731041135217
0.0454143890292632
0.674697303398841
0.274255741235535
0.51349934489706
0.0425824973352718
0.650314066235384
0.504182173112605
0.806790143926591
0.855870061888778
0.280776333868731
0.0812205970956833
0.447653014219613
0.303371549540771
0.342545376699134
0.886159938730368
0.653184589104582
0.162361374502892
0.32301786811279
0.388586307846863
0.195694898608778
0.937592125380269
0.602207366514865
0.354115194600857
0.646487111157009
0.689383967408378
0.048551140504326
0.568359036620654
0.961306041217535
0.256755225716587
0.733564342981041
0.599175434520809
0.0510199868014343
0.0242890662182939
0.0697434762324588
0.882004840102378
0.678666644497
0.964774238659261
0.181917729666863
0.867293967540629
0.233224901800345
0.373803540343386
0.8108717862612
0.382668916182849
0.0248087103817039
0.0383197428573698
0.197272243394517
0.686327955156507
0.888576382473044
0.346713728541081
0.828576102175975
0.634275494664671
0.404882533031054
0.834731259509803
0.285617580075659
0.637468460670974
0.0803797984226094
0.703544926105321
0.876956606802169
0.168531656984102
0.127931004212148
0.410008415015946
0.537310641645733
0.906860818693494
0.478700736173589
0.54316015317553
0.79245785499218
0.808859995889547
0.988455063322113
0.958359670453472
0.32515995964733
0.42361704947901
0.41401764306312
0.189600797376273
0.392139283267994
0.559704528603636
0.649605483382764
0.367426952690761
0.0464710926288095
0.551094922835492
0.364490814028798
0.169566719973123
0.170844657335707
0.466020783595821
0.0553478528122989
0.51287283182742
0.4559975031886
0.0801766692068321
0.00954064276602238
0.952443388830154
0.388376209478721
0.636479046890238
0.475981499819102
0.64303921773741
0.495650751122315
0.0490220238938729
0.455476616080314
0.968055500541689
0.118504132333133
0.475994721969817
0.252285682941207
0.118238233555016
0.162369765189322
0.997540715725836
0.352228020941173
0.376291782026424
0.725165312524288
0.425476545649097
0.375514740994785
0.414576415978452
0.759209590540557
0.545596444140503
0.843721636787566
0.872355709654022
0.914850700368882
0.509882438300726
0.472545550499382
0.480774848951755
0.797701192585674
0.50108614051203
0.761262789203257
0.171860380544576
0.0737648165100588
0.617335762199312
0.781304914264793
0.00226640552127137
0.0885312734344968
0.223844220759262
0.398481329851721
0.562479459062548
0.475760914606264
0.373485318512822
0.938592365316395
0.195055077645681
0.608244418540661
0.126308747587956
0.362371625631734
0.343610504870555
0.618833451577918
0.847443614540264
0.955706553565875
0.107752234888128
0.146457072672651
0.250076994495677
0.671487401847732
0.66431750406429
0.775979793285243
0.623265202471718
0.161696389528534
0.390125608734775
0.753429403566358
0.713462737598334
0.176925333082729
0.216190646318523
0.410243182320044
0.187373318197524
0.437974290587324
0.652178820739344
0.146784587729122
0.784746330215759
0.565499331253089
0.476299472159805
0.82435678110896
0.0863476322620488
0.223795711083008
0.240633240971095
0.37188947712522
0.771515544437137
0.689244612615839
0.0453802220553223
0.820329681649444
0.147253135423711
0.649546532579999
0.602494269985914
0.262140620992298
0.846404688230756
0.49306972951489
0.551703603452538
0.249082559379554
0.912333057402142
0.179412961177528
0.74751151386219
0.375023601389358
0.461246655988401
0.681447953242096
0.351425339817541
0.657171233177749
0.872753281201904
0.494972198018929
0.164089125344499
0.764439567331694
0.610180574582927
0.504792378687177
0.131200112915202
0.362168096946198
0.415294376884683
0.625780491169512
0.323364521266717
0.16900111992739
0.54582888736348
0.529699448361817
0.495450492193369
0.283146681462948
0.0708636585020404
0.0264554313291395
0.733230604420022
0.702872785950334
0.0228043807273499
0.0390284336547052
0.10830726521083
0.560724330164834
0.389634527502859
0.856952287479002
0.151183878242343
0.085714131269844
0.157415256143027
0.103763191673344
0.04592323532187
0.108792163164862
0.536468651672328
0.101535424382116
0.727920482563644
0.679605512075091
0.7731428462072
0.369814520084812
0.0935997962502241
0.616477091853458
0.469038198099311
0.6062164093594
0.400712304751009
0.00871431769759498
0.904501397649638
0.928075298421416
0.0914758683140725
0.341664504346486
0.973107656056235
0.431232789826141
0.523463220641188
0.0604275178626914
0.296266707020943
0.840374273051414
0.161726695665949
0.424053883679246
0.998231806486364
0.01529516354548
0.340322485297854
0.569438190153137
0.0796044951555799
0.508324098933593
0.592556940524048
0.174955303366584
0.787042307421072
0.289290437527875
0.378032739280454
0.140033866920988
0.725009666654172
0.176379203280684
0.976727562069447
0.122656623249462
0.581982994280293
0.34980394573014
0.421570475151357
0.581527169991381
0.965388637879518
0.756524775442791
0.291875705352402
0.98251935137662
0.866310906293637
0.738466301360739
0.418615834971914
0.558264619051496
0.957678661525111
0.570932446948433
0.892056753323769
0.936221976913917
0.00741079608447692
0.286813148150652
0.953676904334941
0.881936274299934
0.0571096131583638
0.412331276449945
0.470287902956506
0.333695009742394
0.199799226607556
0.124339303548658
0.442650804674901
0.287538721679832
0.669069737789202
0.967992958746859
0.698119067727293
0.331083354187755
0.170613068129495
0.892419848163313
0.482418368009708
0.750342427373817
0.0796147718337434
0.950665810432207
0.966304886005402
0.522316747440903
0.465989153630165
0.526714610291681
0.0239984018840224
0.12046436179424
0.964747933261248
0.850639406113457
0.616628650944532
0.531193123353404
0.0562619332448782
0.748545867366438
0.201416577041102
0.705468476948827
0.0621326732609903
0.0515180144133789
0.0425239346653768
0.469583632555677
0.982691763552813
0.945921968320723
0.679216241883887
0.013991475802771
0.169931594266789
0.275677519286487
0.638177639314701
0.341507480147263
0.44192654262187
0.179911326358513
0.1254787957993
0.156768119171308
0.349367928347027
0.42501064489053
0.495939763252127
0.296915751214631
0.270795758595875
0.377344479061379
0.820511320278855
0.22158812519554
0.548578766086901
0.883419407948244
0.535360463017339
0.439199190741574
0.665394140871653
0.346052436412957
0.718208831493544
0.320173956114603
0.05190565723957
0.503376558633889
0.719400094589439
0.541798705570673
0.462717054387082
0.860852938723773
0.377805751410158
0.558718459127588
0.585672890794601
0.342924035063036
0.426613859662989
0.403845522651368
0.535705948579872
0.512771490659274
0.758776034193326
0.364350550819151
0.743755630862106
0.815143252543159
0.959851810081744
0.334234571139664
0.12697887916712
0.357720960052054
0.989595263628918
0.831892297485011
0.275656319350095
0.291319424543995
0.134075450865954
0.542648457890849
0.137826700113599
0.102467511914505
0.0769128719930904
0.499376477072814
0.273822373041776
0.636455853622834
0.683786306923718
0.886574134726937
0.00553604050196734
0.243527205050883
0.415569885721037
0.0312177561908556
0.239247014915522
0.0260593838989131
0.0938317047987355
0.502821761396475
0.0121468032313111
0.999121403931455
0.464202338456651
0.436057385992624
0.83102888063956
0.556025749459206
0.415715058795904
0.732025427590844
0.827702465401712
0.124259980966404
0.573494012141951
0.037488336354449
0.240989882987291
0.401937344888309
0.0177553173760795
0.195854270076824
0.0360681497334164
0.832403745863363
0.654734060502348
0.289098298227725
0.608978218766768
0.188568461074223
0.362045244204763
0.176416618695019
0.93827675993449
0.978984809092851
0.162494623662755
0.607744872139257
0.870724018898697
0.726031122229146
0.323993856788511
0.0152360501530425
0.211724480264475
0.879091392344726
0.288715912885085
0.298134037190763
0.190702379346061
0.287083918280702
0.588991234849465
0.189290755367621
0.958513228699157
0.307957265986916
0.484047970869534
0.80097002456692
0.426253142276232
0.969654813447065
0.392518098312178
0.158457192864256
0.60975928291173
0.606906448912847
0.878648677094407
0.8401249406432
0.720393403691564
0.46261705098694
0.445539001557069
0.562533174886682
0.84691837298413
0.549167343051015
0.402207448903307
0.75165541029434
0.390026056395615
0.448340134087514
0.628205534106831
0.834115811436528
0.824921809337366
0.628521003460657
0.847338630294849
0.854212373679455
0.731761128288091
0.757004780518597
0.245702878703815
0.270510855884656
0.330546392024276
0.212693826038948
0.974031759923792
0.235516341445829
0.537454348639445
4.81941397406138e-07
0.786713076724675
0.816035291255638
0.420576386718715
0.15022258163383
0.893845618486303
0.557020674750269
0.825372658753325
0.906131592676655
0.943674831832425
0.0216078770731466
0.0935524605867921
0.908586791594052
0.42495053155151
0.421495593151392
0.127633607343772
0.357870939823324
0.697464567771058
0.939188864924109
0.724655575348927
0.702335717113029
0.884925862880386
0.261482112912842
0.38449062536393
0.128661691041061
0.0969338988034667
0.0116665701530009
0.10030030370219
0.327084582849979
0.416796325929432
0.642865175641814
0.355007499355774
0.577014741045994
0.913992603946476
0.45779841933268
0.00858936341662463
0.641132772170451
0.327902129980868
0.092125640840669
0.465730904649245
0.0651008483149394
0.0165933214894427
0.433150618429513
0.233940193804757
0.434038223237305
0.98879492139746
0.33769463086451
0.825773213555377
0.148577102102532
0.0464922171782753
0.619821295044151
0.635365145749108
0.524099757785174
0.492941536995376
0.403291575156297
0.244350579966393
0.72604964213729
0.28925124788009
0.177692741797769
0.377174457062763
0.0667834149954076
0.847345723684391
0.798752683556067
0.277641434639311
0.472124271989089
0.763919977884104
0.69620659188918
0.522131680406934
0.981237969982278
0.743070889586155
0.0329741116797758
0.6822915438764
9.7869477553199e-09
0.499565450440226
4.96057354836611e-05
0.0317685913642708
0.882403653429334
0.67764349523074
0.732180269846446
0.688512436156782
0.506468325416945
0.59410881437651
0.809775079457338
0.82374050035724
0.403532433239239
0.540082968319688
0.11698911607103
0.405975007605234
0.654417120699595
0.0667677327594566
0.171611713867892
0.993127979116679
0.0151512817868306
0.629969234344666
0.0180795075939089
0.190143850625116
0.423427884085174
0.000580376907357143
0.0419309184895528
0.000485673910176034
0.00135107348511184
0.00134704326513353
0.452907289882025
0.0095613116372308
0.345303003458201
0.915952867077389
0.98635237161075
0.817442077866963
0.547354713603415
0.67873478087642
0.892391226689904
0.303851508845115
0.892177631927215
0.143853692264326
0.610225323699673
0.473901033875162
0.272445711449101
0.679208599483637
0.168304648173513
0.757558629388742
0.617431178683828
0.0851405622285102
0.339113487528913
0.947114867925821
0.730360129399676
0.0154056410244722
0.399442794355584
0.639218033851082
0.107153690523789
0.371506291421706
0.0456375382075253
0.846779119455431
0.0393982179482646
0.67832600161606
0.247705207129698
0.784854096552495
0.355692531282674
0.0637416483298843
0.84766658633345
0.445779183252637
0.379472590167681
0.899252084879037
0.34699456663068
0.581012345751742
0.118555718510063
0.40765988259841
0.509309398005
0.900014404549259
0.239155851909951
0.910186995687538
0.126294857056271
0.882181963496598
0.617646705022067
0.732628349489509
0.367624883060144
0.126102299314605
0.301382704654326
0.175008715571389
0.354139940481857
0.389919819096768
0.0066354389129758
0.00666728428054272
0.247316376901532
0.721826773351881
0.769217370046199
0.690991000129235
0.686252916152659
0.573459200382356
0.69153367833966
0.243167030650723
0.0541551560467626
0.249679766595549
0.298321432767758
0.441971132811455
0.8642953083221
0.799158835918075
0.408038915003334
0.429894375553074
0.982606564928091
0.250380888854549
0.887154901116692
0.573411322165949
0.997305600432196
0.476098053244021
0.0386798691935696
0.0348409099395625
0.296186544966378
0.585591543307654
0.547176630452902
0.0401783880563995
0.427511129916781
0.155456669364303
0.0344217284736083
0.120788801358053
0.61956841155661
0.196374839943157
0.366811852817969
0.232253912784527
0.0956555211714922
0.444786111305173
0.127170042027124
0.531287573398702
0.632140417368881
0.67994733136751
0.309084835707668
0.991079460222116
0.788821261005433
0.0464501953713149
0.850120560082129
0.158510036492551
0.0957961524998476
0.7036772779581
0.112557943374875
0.848373491690199
0.320421756761707
0.385911688260762
0.437123439671716
0.231948148504914
0.422977660304054
0.246013980641563
0.390849529676126
0.382076613592459
0.0392305580634988
0.758423652654365
0.298216724294101
0.634654994157713
0.965835046150728
0.975921277609931
0.406763878789835
0.846632529343682
0.746720576422759
0.854497597113871
0.982458612339654
0.309148823924902
0.711619114750767
0.65914506116222
0.432047291907784
0.0519143852718782
0.0345726073591281
0.267706026115916
0.244539592387537
0.492097440975498
0.279593514183258
0.376970012125808
0.597179558821776
0.0369985458312933
0.765921017877183
0.121559510427891
0.852129131092092
0.679531710712509
0.986221659089529
0.232161639827787
0.700235961655941
0.555978590702826
0.889354068886302
0.43578786340199
0.291001348526626
0.130821383912603
0.210134284855941
0.611036345057167
0.572943683748197
0.199804213659168
0.438333733431587
0.110191129324146
0.79375261303859
0.666759029679675
0.888857940450902
0.442377680557326
0.641474750110258
0.473332977425957
0.330168545616124
0.249338539829102
0.557476682387548
0.06491733695887
0.376810143304685
0.648036248833108
0.890438423796985
0.625412443515342
0.284047687587787
0.154632354627946
0.0814847613573131
0.145144068076351
0.118779437145873
0.217223274623665
0.564636865573765
0.0485393060447294
0.42039511681607
0.477519730221643
0.495257849525425
0.530674045883978
0.667865922124662
0.518566108305601
0.873252332940773
0.350715397336251
0.0153663333398087
0.360553433366121
0.878478553416413
0.992457581495996
0.611864483217741
0.726760705899568
0.19609304984396
0.859565695144345
0.463160106666182
0.37932926531215
0.982126954140187
0.365711264885492
0.467587579398646
0.0165002531281364
0.794302748648202
0.141106281298376
0.268449281153572
0.691790229323742
0.325171377520033
0.77710164671836
0.817081955553115
0.0182205542992656
0.123716243937043
0.364555384839688
0.42400385505833
0.515748920629581
0.908627166891638
0.42758711136724
0.364135038840557
0.178133311871356
0.321251775603444
0.387643171770751
0.717461622732447
0.676513203293805
0.258497512679263
0.504331690256421
0.949500901504373
0.424144817600893
0.579778474944421
0.186023348810148
0.255071699525764
0.929360414892387
0.546819326537781
0.730087321365519
0.979309777866866
0.390075318446382
0.338187687296368
0.850713675455394
0.239842700092285
0.917904923742817
0.433996626534012
0.085880315742697
0.290769162382888
0.389707491442787
0.244299111009864
0.95592668075329
0.0733448706281258
0.0780786223544958
0.0406918935674123
0.823343033598444
0.101684409990521
0.171547159628253
0.232632422083036
0.195196070870657
0.688371380804635
0.551775321478553
0.295589316939531
0.324946513517938
0.0241188331979536
0.0274391340734305
0.660921909681704
0.924857036216489
0.993814270902104
0.478255050052508
0.725441440898146
0.406416148165093
0.815824272981148
0.937286951366881
0.328101514226886
0.310342421341225
0.451989030773466
0.883017327529609
0.647263168348419
0.127500766791834
0.14100390240856
0.581354645406083
0.873492213331936
0.581696911520342
0.700679321384216
0.576110705846808
0.327564177703023
0.536038544399907
0.301477728911869
0.0326737768838049
0.0837100610797265
0.35736919389842
0.698318433389965
0.792539715076584
0.701662476576416
0.301354371035423
0.843846572798036
0.713036239124909
0.62507029230285
0.141780934293453
0.751680725795904
0.976584712353587
0.554518038083285
0.83433239615604
0.959428331931193
0.934990468662628
0.942357185636237
0.466998451086424
0.450512420467043
0.429565642089952
0.208008320321393
0.483860453002044
0.482911907190905
0.593647100268063
0.130115231788061
0.0911157322253504
0.180352592430709
0.815992004223662
0.0789745972890875
0.584245811344119
0.823257910305311
0.328284010616058
0.63605697989909
0.392437151001615
0.135257482101114
0.179657484152696
0.296438914008878
0.261230256856184
0.0147689557041091
0.920238049753554
0.542044012844592
0.854785216423648
0.818046792918203
0.792732772616249
0.885602258995595
0.0894924152303963
0.968839090220836
0.997319587504908
0.628242004122362
0.374234012293146
0.0821131178447983
0.229723728969092
0.675271361129473
0.50626126661962
0.341321927430878
0.365721651640845
0.0270869349141539
0.465970078469665
0.837471421318086
0.913619888856087
0.341012567307658
0.820769233130054
0.457060566759724
0.643544189615782
0.875943254179115
0.275260056571825
0.0777491590825872
0.0121417038376044
0.579418801103727
0.996323667157418
0.192872292790423
0.152251639621994
0.0269419431288214
0.934788520013291
0.983244710223045
0.473192081570199
0.515466426092452
0.10310351929333
0.844247489728713
0.522188923040735
0.0636320088958701
0.00478767419922698
0.0682289562502528
0.226480448006364
0.756256553023922
0.0266854395149281
0.22845364074338
0.463213344803306
0.387506847170307
0.781883159965439
0.783965916372135
0.528415582743321
0.781777426070935
0.0683174603832459
0.013219235877669
0.0942186013566385
0.69816833974681
0.380513341878592
0.331439111197451
0.589181830377604
0.335752225376005
0.689824085282472
0.786462452392739
0.492225652383411
0.309894019702009
0.424050772765755
0.449416369341878
0.999331454046035
0.483155233170672
0.557765677914225
0.822499727557253
0.371156340167306
0.474885453068703
0.816528743476659
0.605697074630475
0.492923121642438
0.567069564304334
0.895460192431227
0.138359801527689
0.316714988557113
0.108680171754489
0.602326968531144
0.0465170390401655
0.250534607569003
0.991879194873286
0.855036960796312
0.474108984240717
0.956490625049066
0.972907672480651
0.371140127996581
0.632626786560564
0.933228296762409
0.015953063663285
0.299061531368421
0.796206259432234
0.743436142574672
0.268328787185403
0.738176807596906
0.615383291695771
0.885941950666265
0.121258883851724
0.418621206907023
0.263759067438181
0.0542288358273475
0.972556417108383
0.297935624557558
0.341847670409341
0.371228222846182
0.981310718403058
0.0542485742271365
0.799333013854678
0.398749359378502
0.910463938265566
0.4104179156263
0.0208904867724971
0.472616182277494
0.817393195335044
0.140663585156745
0.0480660871257399
0.737666746274303
0.735335751195016
0.480671530351598
0.697392682946173
0.713987447627243
0.00644514412160044
0.0675024867823386
0.156931014019275
0.0186226971608231
0.88066997024956
0.786772249525208
0.352662659940319
0.530761830404851
0.338106849901158
0.240480708376318
0.920933868096836
0.0717768620592198
0.00028234012482087
0.0937386041360569
0.571305813771542
0.919553594463512
0.154955122880097
0.109762943048725
0.336844227591723
0.787440371930364
0.646785350839426
0.186511331138146
0.151398826612717
0.328411542677325
0.686476334438035
0.219988644227265
0.0509198531422076
0.141894817336228
0.125848525643823
0.946658450698046
0.928249574884281
0.174574682554566
0.278672140278484
0.218157377013845
0.132126917996624
0.250562834445306
0.993049129265773
0.503501696633169
0.289217160420327
0.440681192040798
0.0645982158699097
0.824387298999988
0.786134190379005
0.60899364750652
0.711100726861347
0.181847263115151
0.0375550209832486
0.713023284941646
0.685252373547942
0.261528400664968
0.518740318030256
0.322965437350334
0.968065172067089
0.763715078984625
0.380134930899654
0.438102498519417
0.121080679401479
0.963315884833725
0.372939842469442
0.87523142448883
0.432831164160944
0.252117328715442
0.957073203399638
0.728525560896496
0.507956926607153
0.018213589426303
0.0123543602824085
0.422949004338144
0.837054664568373
0.0420415734574968
0.129527237855192
0.584119639145021
0.45947270362292
0.496462713701802
0.218159817063459
0.285045355282423
0.639941870819478
0.24335151697973
0.824083151357109
0.321787796109202
0.768151160439306
0.806659531179619
0.448425425762587
0.062916144025764
0.336495808220763
0.816660677033686
0.674341062761753
0.364450657408217
0.4403520088814
0.437426825644399
0.775996813843672
0.1109856930564
0.973210779060053
0.873887840841324
0.41577272031652
0.0666078502961058
0.713418264705268
0.172934874696192
0.856170684385047
0.295692474524481
0.892592534475342
0.503877661026898
0.496209176533716
0.271577482395192
0.472497645413583
0.929806529511548
0.504456189111937
0.649444843798463
0.749421917694759
0.905827175564706
0.0617633062216234
0.64819069745796
0.0425996841084555
0.15232734218758
0.514149571364242
0.422345535823535
0.764517252394095
0.600830584564365
0.753948626907876
0.970829641620544
0.179547560151046
0.730368337915934
0.943498787417972
0.256209067378282
0.910530975497534
0.913099338488945
0.496351153800562
0.0773660746486906
0.703788632870164
0.0614117392119547
0.770866035679112
0.767172609484004
0.530123405513147
0.016706509244554
0.525276175131812
0.44576972447977
0.240834799848691
0.41584852544147
0.163047534793623
0.245400821914346
0.760191390241199
0.733553379494638
0.702226429820626
0.389093587295589
0.0350122921293503
0.800011507106961
0.446011063626653
0.884744340029038
0.493445607987665
0.771658826134772
0.957013356966206
0.52658543417313
0.53585523822116
0.573439941697142
0.212704531637946
0.222517773064112
0.42009481932972
0.37337966338953
0.950484742574925
0.512637160509975
0.897740251741403
0.700123073073846
0.185073424745116
0.147619285074887
0.230523341995553
0.164950140801153
0.470897597245321
0.0875093375014756
0.113505339509547
0.830661488051213
0.12544203763747
0.0534484517827932
0.156483065054209
0.211917308473598
0.0418684341476342
0.602640188258681
0.676396908496207
0.530590405782666
0.119007416983298
0.430160906621693
0.0098049993454297
0.859865388732873
0.792698106039773
0.22049161158797
0.0677589638938463
0.576615612832786
0.0793173096110201
0.892538325995119
0.0145249846453046
0.0590265374574453
0.0838562144157696
0.0399524554733573
0.786283585607759
0.177122315505306
0.573305285202435
0.658917980907081
0.63951331778438
0.53915499258839
0.689708064495275
0.333847673921215
0.306583198839132
0.219672942229037
0.22202708521917
0.178406313061941
0.203516954293316
0.0331719456415256
0.219805479343535
0.0367944252908471
0.229899226230031
0.416371533341484
0.0287712379060037
0.1653597507144
0.96518138155846
0.888305354137143
0.481934263820589
0.327473608710988
0.0498463532524725
0.995523533773065
0.989281741913057
0.939961123273451
0.655949763056573
0.667989108622356
0.90296291542309
0.624894679521495
0.656567912512173
0.685944898802964
0.224933239692193
0.0506566261577925
0.0400013168174332
0.542603985295892
0.396577948489489
0.748807753025324
0.515520756006238
0.275896282619055
0.150601227184135
0.348643573965668
0.647598499107501
0.838295265955891
0.283929292109623
0.894987509587159
0.32811954124647
0.654083386930931
0.477181744473523
0.753368071540842
0.682445496662649
0.942977623758225
0.634794642162353
0.277200865995996
0.445069641518379
0.0421551855115879
0.0722193333372732
0.0992637863844758
0.826981386310814
0.879855041726505
0.366302569423248
0.516841874017178
0.830494873141603
0.372962341023299
0.477604943476198
0.999574053077862
0.405176304791384
0.118289424443254
0.159016716417871
0.885941376034965
0.769018492197016
0.173205732850332
0.256927107736305
0.290910704027655
0.436867513189045
0.145677682538325
0.21667550783327
0.47381790680465
0.445584151981068
0.964875296022031
0.442068056528542
0.412710924565968
0.649345667942372
0.00642244116698147
0.340332548018475
0.0367498911087548
0.785844942328883
0.256385188822761
0.0684802899252879
0.861494115650091
0.400027994392541
0.943523301541729
0.995383173471896
0.0978560663613097
0.641969695838052
0.187166833225319
0.0275881738028438
0.0419248973796155
0.318626592576636
0.152285554850361
0.27668798486502
0.288321763229011
0.00408056030859713
0.387928314829811
0.500734219695814
0.0600655194086861
0.0935355153784572
0.210855953008243
0.491740068903205
0.610786383696758
0.88773333205662
0.988948418591489
0.826147417507933
0.752656273947907
0.888845032588455
0.182178447674562
0.140469286493853
0.417826211590826
0.585239885410137
0.662331586719713
0.0091100208603111
0.701930990517416
0.0551298703086294
0.618060084364333
0.41903949480547
0.304514857163692
0.0934094717125271
0.230508282230738
0.270308161361856
0.449195125569175
0.614680797899091
0.546663372936719
0.0566815375187633
0.0573321022281113
0.523996486594303
0.40962182941799
0.399465816363842
0.414769425924207
0.574116405560457
0.0751207077401272
0.691980742343228
0.732199510988255
0.321181998060572
0.665435202115692
0.916933634106887
0.253138942595895
0.0182366791060281
0.0379873759902303
0.331198804585844
0.883404686050681
0.37675840314791
0.620925682763184
0.965506715147011
0.993069168981826
0.914602573859955
0.746434240074516
0.725122634714009
0.00286760717277473
0.573138956087895
0.847367113358396
0.854025305877413
0.808054476893089
0.441281238403697
0.0588157981283498
0.180790559030404
0.102840298571526
0.0725487004059933
0.257884601248251
0.712749320480026
0.770271812616858
0.111773172249956
0.0303599628186885
0.77720199707407
0.0604636978850486
0.0698226451484607
0.443325881584391
0.00660264724412743
0.612945757203132
0.201461317296119
0.769119356057044
0.547618264815061
0.0252799772831333
0.00707745078098361
0.0695308484447087
0.443772255500522
0.930441242365483
0.552383190996452
0.35667949878791
0.738700876077794
0.910735235123787
0.723004583192595
0.507429343331777
0.310496391969962
0.703562327186016
0.0548238913143702
0.460187768923531
0.346166176029391
0.41625329635403
0.789802763968637
0.000851704510898534
0.852578533908421
0.877299327310904
0.00353211197292605
0.0529132551192167
0.0606084975002528
0.351809212215044
0.793420837825201
0.0410615429456971
0.415206724339559
0.0695964708238622
0.81194939220306
0.763118700567884
0.00110954623832675
0.20015425344896
0.316448247018956
0.250036890653947
0.69930158335266
0.577329084993212
0.529244963550094
0.885857690243112
0.206767954450587
0.0486415941563969
0.33988153910218
0.599944078322758
0.254426332838194
0.977514971353144
0.649320071700944
0.33140618148597
0.351252622856654
0.874546573973162
0.548629424991261
0.718058124333659
0.531634484103538
0.637763575112068
0.836245455024477
0.507955064267878
0.498616799729369
0.953040878254382
0.778287569405286
0.789991565110902
0.658136681500614
0.740121957711234
0.0596592037516884
0.863285895169296
0.19454675296501
0.265591666263671
0.564824312817421
0.859576370498015
0.553974090357887
0.389791183109268
0.157407219422094
0.530969532312002
0.741046385539216
0.561170577235014
0.170204656269299
0.425839569834616
0.229341873565712
0.0983235274814211
0.704074893233937
0.655502964293123
0.521907763299468
0.4007013266756
0.129448544301879
0.789479597506066
0.870991869648748
0.841238276657371
0.551236473849182
0.322510751174417
0.562939486573115
0.408025273835157
0.395794084503391
0.617858067068505
0.490621637980076
0.412883163469198
0.185179453433464
0.128368859360394
0.867942354871204
0.437968092986414
0.948435700033661
0.889471878470102
0.634777072518566
0.521283021363677
0.805861437488574
0.556393465900928
0.154979433800202
0.162579401166269
0.459178200188712
0.417773694516919
0.105754199150933
0.11662296796884
0.0187963590298065
0.322707927653436
0.200757500620293
0.80617761412667
0.872815676602667
0.888082126003727
0.564999236519483
0.867210606614629
0.247038817402209
0.409320394818579
0.1088899475108
0.293056323517205
0.511853780291103
0.397810288791121
0.759906090179987
0.502983897232578
0.361673547682633
0.150361854548159
0.114494849444756
0.49631403526517
0.800854877385296
0.488488026645025
0.934372385407637
0.100591680080575
0.389369847839833
0.498919450956223
0.871519853623956
0.741691368781774
0.230426544449916
0.78288611455108
0.65667440157387
0.153328997425753
0.315941030272617
0.749350132160812
0.167155741997849
0.894613702450352
0.535882804521704
0.0877242520141868
0.417618504569387
0.538678917742565
0.645191841535605
0.674184285404958
0.118313708742767
0.298366295862555
0.232746344673798
0.105247687798672
0.252899403842397
0.354085896227829
0.00339067630732228
0.0134485175692114
0.18094246151179
0.543930533749639
0.0829259025116506
0.200728921622059
0.444264734599633
0.58146309516796
0.465944080038845
0.635671179756181
0.818122345896709
0.094815072188852
0.598547179830619
0.428684048762966
0.174301624625856
0.945414635112553
0.311192597226578
0.363091264920853
0.406016377029426
0.599609278865787
0.300598649312733
0.956174993935089
0.611410700231857
0.756208868774728
0.390372457286743
0.45143584650252
0.766248173852856
0.410437829964968
0.19081040747764
0.18076296865483
0.608020676323001
0.682506996255859
0.70033629910909
0.81042934677765
0.982358463994243
0.573375530384462
0.415088386626304
0.404540054126759
0.798812899323931
0.343897906799652
0.407395285897568
0.758253728905421
0.689611205730994
0.475282978136428
0.945150029530389
0.953957419889793
0.893368797924435
0.485113992267286
0.415070112929746
0.773460687620073
0.461052177039933
0.434528130646857
0.297151049314755
0.681010836421001
0.176566799967317
0.0583594179178978
0.907108022417636
0.651818985129063
0.413119930717463
0.112317272161507
0.225698488822599
0.00367911446736878
0.179345057329532
0.336352433465153
0.706106592290728
0.604930158973333
0.2584706857876
0.942205692766487
0.169964670419237
0.225339657142152
0.188867917254175
0.302682117941896
0.630205405150799
0.635966985629968
0.135989392988298
0.113984980187737
0.484941245212903
0.326572708820754
0.0379238222645828
0.0894625212452034
0.0651750305220946
0.48332555823706
0.688397423134603
0.864302296827343
0.71246382477184
0.983660289899715
0.280404381057488
0.892028362570849
0.0285851722404822
0.131722721812975
0.118939641868117
0.583739948064165
0.403575290336664
0.569910625904314
0.372966826090896
0.0447403146968406
0.75243541882584
0.0701795699744863
0.353042403771508
0.977583133159629
0.733687543880496
0.642122798062659
0.877391948537455
0.448244605678716
0.585344479293859
0.979103033567437
0.0281518271616089
0.0244250164962863
0.423079019639933
0.00211506306799826
0.119456498993571
0.545383750238976
0.686573524019013
0.948684962118064
0.929297243404482
0.28294854696837
0.734432937920567
0.421337510660599
0.80446279475002
0.916475968783067
0.853527837661613
0.104302939876493
0.453289750372499
0.907233841841169
0.587934492279482
0.629509903597232
0.994569565151404
0.881672430652966
0.0457201817610761
0.496863862865835
0.306099374073974
0.0579880486944174
0.856046394176807
0.665868187555869
0.124214504813433
0.867789711541682
0.872724249419048
0.140400332091415
0.377048935334263
0.40654065931916
0.332728884112698
0.942271988301312
0.353172747669198
0.154721834545379
0.878907334684681
0.898676723139092
0.724658336044188
0.660680704859574
0.628799556942512
0.202686373451625
0.488004540856171
0.569841270947991
0.833198257894117
0.470486198553404
0.681127881838691
0.0166655184020925
0.670199640297559
0.818845921234111
0.871643739363489
0.678874392440253
0.22087893316183
0.843932167371938
0.0813547796342692
0.0408291716833974
0.52707686668506
0.0439590568497202
0.518216096404671
0.264526582062862
0.464274280173704
0.925721042761412
0.236817749498595
0.313980498007483
0.317993228113993
0.342885242531197
0.916279908477625
0.610008381997108
0.513952112724449
0.793772707985939
0.335604711740937
0.340598875332507
0.220575988597795
0.191666541993325
0.546445350429597
0.692047807989482
0.138098272467819
0.194776901579587
0.896057800221652
0.720866198774867
0.979007328452603
0.973069668523509
0.111555427027779
0.737134523857882
0.4602030321806
0.624283662392058
0.141726247394769
0.402499247257875
0.54804314171605
0.853693798414969
0.76816604015841
0.1613880482742
0.600753849376816
0.420451422999287
0.409732926989263
0.398179113631624
0.725682593987745
0.397199114052239
0.340576942491331
0.413020032305458
0.342021482050098
0.785298207329798
0.436575301517438
0.447014172921105
0.0285540685369588
0.858797882674039
0.785643211368824
0.00762404941664676
0.181522961814694
0.372034937362303
0.857428382998319
0.962791244024975
0.881839545037885
0.222835726649083
0.688118829848712
0.690184308485783
0.614721373416402
0.412361064734325
0.782511823790093
0.22158276790329
0.912049587358646
0.984984625491384
0.795245129933663
0.236172669607862
0.780621271013446
0.342720523643609
0.578161083103458
0.165987764577643
0.477042783367687
0.432825327006428
0.396806799219912
0.727303453618677
0.680527628049254
0.537282126930305
0.988851070333183
0.921033258538628
0.202474457762788
0.501798012939547
0.582826375684977
0.268671321016985
0.861427135463872
0.171615748943813
0.727535142140344
0.253189282863499
0.140802647653943
0.910754714385606
0.273216841165998
0.283156192100267
0.121145524133969
0.395139944602998
0.862831637367215
0.0136631995305692
0.466636313060118
0.982214260994329
0.549095649098515
0.445358098800792
0.232155282756402
0.428426481959713
0.573158895450304
0.492890563188281
0.3276106586598
0.519786402966021
0.855604962103697
0.118571549293549
0.239511619859163
0.458959082205295
0.501400909291099
0.118473272251671
0.0986675954216314
0.10829259560267
0.777607168413605
0.799575274378567
0.724623575096394
0.920849607910786
0.939019818537124
0.293419945271175
0.996731971876269
0.528300220068867
0.939859264329665
0.0582280689538944
0.0361015981175449
0.421308476059472
0.07864105442593
0.708973509699827
0.120683208805623
0.0143306909584746
0.13933358663322
0.601495844439871
0.972869104992139
0.246177599429748
0.447155205440231
0.49795517477671
0.0833825774092686
0.372006875502691
0.0231281256790084
0.189845086265946
0.603921837918624
0.402245548204052
0.107833503070069
0.995099912121728
0.562059368628111
0.653101513832727
0.595564675473915
0.779743965138855
0.0948448969818375
0.269562947520644
0.360949975735851
0.2916685223694
0.268392039450216
0.963031843491152
0.0169921225166799
0.0531859322250219
0.284802486623049
0.577848487566087
0.368236086594873
0.0356684253455679
0.806465850082996
0.710236782332408
0.964391821630907
0.849255095315284
0.958834372830221
0.558847660868297
0.213502313078146
0.342259986861726
0.850382686409009
0.039278685794311
0.588765007980335
0.0192552513468187
0.732185502809491
0.656393331632988
0.751968227524136
0.663191697225829
0.833142511099881
0.103185472855321
0.0543390870175847
0.160090485793594
0.213952375707598
0.840170122475136
0.403967106752952
0.876843742490995
0.422619460370874
0.257622243372089
0.587915800714858
0.442630471680009
0.0439791877838584
0.147993462093901
0.617077491701701
0.476915927078655
0.248987333342584
0.411946937440656
0.0744802089258459
0.493327630927689
0.08768210049171
0.288709967686315
0.164940856135836
0.0156562316796962
0.200803373911233
0.332780685276002
0.528194893061229
0.924760574226824
0.592047660560489
0.971324396395478
0.124390314494417
0.682551971273711
0.565973971879266
0.0333551003678145
0.381251040175555
0.874337626496372
0.795138751482813
0.202802000201413
0.835923603514416
0.437404106436684
0.533962214494909
0.953866219877929
0.957266562026879
0.339633022308842
0.417704118880901
0.839339841466788
0.500118323259956
0.436649455187413
0.984420291636992
0.418733003548895
0.450164285013702
0.912823734060016
0.943768255297633
0.151063500871571
0.0987092670812551
0.134297540098916
0.47408405163307
0.991811323490681
0.893095377979015
0.979009671157137
0.495808353501886
0.037122460743557
0.887312780375595
0.987773393554369
0.984870676143953
0.361159218115751
0.714717510461137
0.846821764777963
0.0485086247564561
0.488428051842956
0.449409717149872
0.917457140302715
0.452652077315992
0.620062843278763
0.410443429022046
0.43287862575564
0.567007760625864
0.505488330325725
0.28313188477122
0.901074349038343
0.480300973539911
0.319926282223826
0.0705373464911912
0.9519393613377
0.697565945645461
0.235622555055329
0.0945744934418331
0.189077483405395
0.145649579715846
0.735921430330289
0.76878819773581
0.0707785789342313
0.900374978177723
0.793857360852422
0.958995389596995
0.813300210683995
0.295615676481512
0.67515161053632
0.520079283702023
0.217340426099041
0.37150960800135
0.372109569428144
0.0420760998345332
0.0724413893692596
0.022862966072767
0.201979623232151
0.158141452177903
0.0994528743471763
0.0325561105693858
0.653692214549179
0.905184499600956
0.437929803722216
0.862122162719655
0.0107669698978623
0.00635480507903123
0.804337204087823
0.0172307928300168
0.777669542560976
0.332665960539597
0.511487991211669
0.828778343017193
0.55777879415202
0.591833708099307
0.0850764800538513
0.103766355909814
0.999126067448219
0.00201800994902872
0.0522531617858062
0.966995715753355
0.187465939704625
0.141892503902314
0.696745341921327
0.223453030611917
0.079133590001906
0.52023665011004
0.794170759624683
0.788078230505453
0.141071335935563
0.574949428552372
0.0632839680220177
0.430648607462921
0.52295392440906
0.0901535202672386
0.912400488027976
0.940401079062091
0.945080273242864
0.673856914939625
0.0383148810769162
0.00564730560294963
0.437212494220067
0.262448784447668
0.967546051348547
0.32207471072898
0.549936543567453
0.653485083333893
0.456993526362216
0.5718500667083
0.280803054754157
0.228895898698953
0.516416618675691
0.211357143957847
0.149312799414596
0.155070644154401
0.147037342394752
0.729008478836229
0.0139075187407867
0.190006881802609
0.98354906841741
0.991428299009825
0.136844605311138
0.166595867644668
0.370171304922533
0.660825797220483
0.590650957754416
0.97294545245151
0.825066427545932
0.78662980369676
0.661009437080699
0.541934757515337
0.621319596324631
0.279127606055111
0.5749033929964
0.511980500058222
0.928560463287241
0.886943749607344
0.498910763208532
0.355614511258455
0.229043166651957
0.636336219326233
0.580555696668646
0.308940733745627
0.373387247964827
0.100828892220482
0.328161620712164
0.468854872463371
0.0385945377160478
0.352489923259107
0.233048497915751
0.564280002289446
0.0677454520345435
0.771673174495905
0.262045723626852
0.281463773919834
0.445122067142377
0.481005677074652
0.425074213150792
0.305508885331889
0.987227327017198
0.560341776572663
0.628969770671087
0.709104557694744
0.361874926597437
0.69494503974418
0.505085868184563
0.924281255719703
0.475013409262553
0.826186365086193
0.872751689884907
0.769647381026093
0.940597537845081
0.287280524675347
0.270230424373592
0.612638290372245
0.0347144948594176
0.722030351400765
0.999895300915015
0.225736481045162
0.772719430156657
0.234571791131946
0.356762959259632
0.152285927341548
0.15572190386431
0.441777921732721
0.300207755091829
0.734852717747226
0.485060724067746
0.849360545744734
0.693015639215085
0.14251604722597
0.0781646824616962
0.542700128199415
0.412083575092895
0.659608732706409
0.37835979116754
0.619769815239996
0.677994789762867
0.530830081402836
0.268977870774002
0.698306546343321
0.843631334087073
0.780932648544369
0.809963337223471
0.0508417673447331
0.00369356177948627
0.852587870553885
0.16665245084671
0.232467986329372
0.237390412005573
0.0888495605618007
0.837903522745291
0.842197851621579
0.513851299505757
0.778866674615788
0.65305022227756
0.525276175131807
0.505402296186788
0.784703581968001
0.399292901803574
0.209335225942362
0.121154189151381
0.750907213537734
0.013969288806287
0.519366899942581
0.156516043785668
0.536364335539212
8.57176187661802e-05
1.5350683118705e-14
0.92964955170529
9.53591351814092e-17
0.0156079398144871
0.282115484081924
0.138694752173085
0.286406612087649
0.729363639553697
0.226794599674954
0.289518579673782
0.5550560645543
0.501214460337198
0.0832197380834199
0.0516251645482102
0.714031595118958
0.439897192584599
0.798573021649082
0.637448448729849
0.231054646393351
0.817562804479195
0.995754237768834
0.623148291938589
0.891129289985236
0.309345992057905
0.360202534509073
0.409439533134339
0.398554270727582
0.0363520792387794
0.541875019758449
0.684102917242479
0.59778150538288
0.299843969080946
0.444418416944451
0.627241985238162
0.968161239573072
0.296875246382731
0.815909235287049
0.563452207899878
0.80368082729282
0.751857956903657
0.795691196408664
0.840328381073116
0.5736510338405
0.962284327123184
0.892977731992701
0.91595665347714
0.927415477352327
0.335402873203559
0.368974436546763
0.0498277664589593
0.882510604419732
0.0431033198885242
0.291011050208063
0.171343375001403
0.856947428381977
0.07500526074694
0.750524624322804
0.0179657690216086
0.0261349323753855
0.912193967398955
0.228525993956709
0.261758689774567
0.125657633010531
0.903434457254018
0.92032356137998
0.00464719458538789
0.000542078389598977
0.162813226118684
0.000624520426106729
0.596037541068446
0.00193339346034834
0.949140610800904
0.116607934088717
0.334226096467727
0.0424456613568123
0.638920768043546
0.484085610621549
0.109812591524327
0.609149958448442
0.757971857461462
0.614033829736197
0.775988458231436
0.719187611656798
0.0856048242655069
0.0431606712221371
0.0451682019724028
0.104855362767493
0.929920333632251
0.318911675023244
0.80215352118035
0.338232333239373
0.847887271721099
0.696951593641749
0.265950296437521
0.20992072826572
0.727470173808302
0.402579417196456
0.0303787241025964
0.653618134827264
0.0557942855869362
0.149644120253787
0.146323749239693
0.450982269407037
0.295682823926821
0.786531131109234
0.568664387701234
0.887696869134046
0.909844357446574
0.196092238441123
0.459426247634911
0.0729714148082126
0.112710654558438
0.576480378815505
0.32567429466712
0.116531882819466
0.924827432034416
0.62357938763563
0.459472158868543
0.665877562552567
0.134027888086412
0.912490059832192
0.420220896480944
0.266882074187771
0.0490137605143168
0.466835007456668
0.187578671761349
0.474589485208954
0.618389780209658
0.608229155923148
0.326683697593421
0.462484352745503
0.811113082638291
0.266717071400075
0.254835452185611
0.78550101823159
0.0202232122423554
0.004927599017013
0.805719387055525
0.486182518254369
0.014366876713022
0.71690942291934
0.945509948304292
0.857874245003344
0.59409469932293
0.445472263090971
0.0362395943433243
0.0385718062033589
0.373767746869944
0.83112523539006
0.22716409546133
0.455973033401946
0.498572329652849
0.360976397946178
0.215770542030293
0.763189730894817
0.140229805995523
0.687582983434135
0.0254953823709126
0.183854248593278
0.491007412791683
0.630328627003131
0.719380467557269
0.016854949790764
0.371437556699194
0.386100197188812
0.999460210526752
0.000587502574767188
0.0413600952831458
0.00324796550894066
0.489235557622101
0.915122100495805
0.367448790380141
0.175294852974627
0.525570462870316
0.347059535308623
0.506452974894613
0.749608235385834
0.636229059585997
0.820204479822113
0.482296778900584
0.440161145491081
0.151523238573336
0.598582041297601
0.899638974296184
0.844068756531236
0.0729216307713662
0.302336774017973
0.0678657506596611
0.61427039785961
0.401073761127118
0.627176947050766
0.29888789108315
0.25531750477825
0.185794934843583
0.603481779869905
0.650835661287316
0.126434624243235
0.679049769482374
0.508686663827803
0.363356202820201
0.557804157736238
0.784855283068182
0.482292660550632
0.990348943149338
0.0686186417362892
0.901913842564931
0.74132327209721
0.544553417040897
0.530285876498683
0.578244378039967
0.407159590347239
0.492515805674342
0.597380211665878
0.109902072280418
0.462892290908416
0.101513865010064
0.0124140545178147
0.0442011302140905
0.244337852292083
0.671403922799155
0.799441129339259
0.0245035860471724
0.948861176226967
0.92636356898405
0.66041391610663
0.648177080652471
0.653801622668543
0.732000236783264
0.77939604590312
0.43105528361796
0.651659621377693
0.638258049646896
0.546668634854913
0.0204451217120319
0.219498731009311
0.113137777043334
0.132960609848013
0.46706865327783
0.949936857811095
0.0690799271153555
0.411760728155529
0.652459737790841
0.636151371818948
0.0356890188279147
0.223800180674331
0.0403530754208419
0.0294109439371154
0.552980586902648
0.368116523243848
0.0378568450845042
0.0990749014373854
0.0203686523776209
0.449922953355272
0.941565684207317
0.578639914012481
0.8943410220576
0.6523316196566
0.573943450616606
0.488232944172454
0.788808458940463
0.923111088632404
0.62701955748947
0.706644695289413
0.576566078258023
0.140675444953383
0.352699690377804
0.102980515675219
0.978122469270055
0.97308046565109
0.964497729626458
0.945159859678857
0.967843465991821
0.527409276167272
0.958628580462149
0.0482306260885854
0.626106392793576
0.184998477147457
0.066564493907362
0.157762434690541
0.794335469552375
0.355783725372441
0.517359521701608
0.708373386041063
0.52460133700498
0.533063369560732
0.778902760467309
0.153650147296208
0.260756017394311
0.21054755570589
0.110903356598854
0.0749381739242003
0.0900405327540384
0.568402885932464
0.280836020306814
0.701391455437451
0.941731402045496
0.789013169578501
0.645050393568904
0.920799165373864
0.655375388461682
0.607351009369873
0.593496155506449
0.721039199364674
0.342817784628334
0.95630237987132
0.247830458695856
0.47318859101763
0.647526954080999
0.512345516938173
0.401475236282503
0.621105856405895
0.0269003425865074
0.00482047179852236
0.422789214131277
0.695915755026576
0.0426095187119071
0.98580388016218
0.0446648158249801
0.894659014391029
0.635266098339321
0.460468486323407
0.185951739978463
0.291269087514853
0.382548622861948
0.776919439767558
0.0423106314732034
0.588340475039387
0.600326149321554
0.475923715186587
0.479466093951528
0.350374574251914
0.736036728725433
0.401200262583243
0.935674400312236
0.582198933835375
0.296320042267356
0.826731752076647
0.750229996438203
0.117755289589418
0.791123352249847
0.804710242372992
0.950685450888024
0.103724208495705
0.395972393657877
0.633387375073286
0.337878746138072
0.689536323232781
0.903528938471073
0.358339962527824
0.0467566256872069
0.0121266388002948
0.78547683300014
0.556423487532129
0.194719620163865
0.589759350818482
0.743409581195753
0.271498505382327
0.775829232721988
0.133568981573616
